======== ABC command line "read_aiger model/design_aiger.aig; fold; strash; pdr -v -l; write_cex -a engine_0/trace.aiw"
Warning: The last output is interpreted as a constraint.
VarMax = 300. FrameMax = 10000. QueMax = 0. TimeMax = 259. MonoCNF = no. SkipGen = no. SolveAll = no.
Frame Clauses                                                     Max Queue Flops Time
1 : 0 30                                                                1    28      0.02 sec  T/O =  0  PRV =  0
Proved output 1 in frame 1.
Proved output 2 in frame 1.
Proved output 4 in frame 1.
Proved output 7 in frame 1.
2 : 0 5 16 ~20                                                           2    38      0.04 sec  T/O =  0  PRV =  4
Proved output 5 in frame 2.
3 : 0 5 12 24 ~25                                                        4    52      0.07 sec  T/O =  0  PRV =  5
4 : 0 5 12 11 15 ~34                                                     3    53      0.09 sec  T/O =  0  PRV =  5
5 : 0 5 12 10 12 16 ~35                                                  5    54      0.10 sec  T/O =  0  PRV =  5
6 : 0 5 13 18 24 22 39 ~36                                              14    64      0.27 sec  T/O =  0  PRV =  5
7 : 0 5 13 11 15 14 15 14 ~51                                            1    64      0.34 sec  T/O =  0  PRV =  5
8 : 0 5 16 17 24 29 21 16 18 ~50                                        31    64      0.46 sec  T/O =  0  PRV =  5
8 : 0 5 16 17 24 29 21 16 18 ~50                                         0    64      0.46 sec  T/O =  0  PRV =  5
Timing out on output 3 in frame 8 (retrying in next anytime pass).
8 : 0 5 16 17 24 29 21 17 23 ~50                                         2    64      0.46 sec  T/O =  1  PRV =  5
9 : 0 5 14 13 11 12 15 25 20 25 ~55                                     13    64      0.51 sec  T/O =  1  PRV =  5
10 : 0 5 14 13 11 11 14 25 20 9 18 ~62                                    9    64      0.55 sec  T/O =  1  PRV =  5
11 : 0 6 15 15 13 12 15 25 23 18 14 23 ~62                               17    66      0.60 sec  T/O =  1  PRV =  5
12 : 0 6 15 10 9 13 19 25 23 13 14 13 18 ~70                             16    66      0.76 sec  T/O =  1  PRV =  5
13 : 0 6 15 10 8 13 19 24 19 10 7 6 5 22 ~72                              1    66      0.79 sec  T/O =  1  PRV =  5
14 : 0 6 15 10 8 14 22 27 24 12 9 9 8 8 30 ~72                           25    72      0.92 sec  T/O =  1  PRV =  5
15 : 0 6 15 10 8 8 16 14 17 20 8 7 6 6 7 23 ~79                           2    72      0.95 sec  T/O =  1  PRV =  5
Proved output 6 in frame 15.
16 : 0 6 15 10 8 8 15 14 17 20 8 7 6 6 7 8 2 ~90                          1    72      0.99 sec  T/O =  1  PRV =  6
17 : 0 6 15 10 8 8 15 14 18 23 12 11 7 7 10 13 9 5 ~82                   24    72      1.10 sec  T/O =  1  PRV =  6
Timing out on output 0 in frame 17 (retrying in next anytime pass).
17 : 0 6 15 10 8 8 15 14 18 23 12 11 7 7 10 13 9 5 ~82                    0    72      1.10 sec  T/O =  2  PRV =  6
18 : 0 6 15 10 8 8 15 13 10 8 16 14 6 6 7 10 7 5 -2 ~85           0    72      1.17 sec  T/O =  2  PRV =  6
All outputs solved or timed out in frame 18.
Starting new anytime pass, reusing clauses.
Frame Clauses                                                     Max Queue Flops Time
1 : 0 161 ~85                                                            0     0      0.06 sec  T/O =  0  PRV =  6
2 : 0 6 155 ~85                                                          0     0      0.07 sec  T/O =  0  PRV =  6
3 : 0 6 15 140 ~85                                                       0     0      0.07 sec  T/O =  0  PRV =  6
4 : 0 6 15 10 130 ~85                                                    0     0      0.07 sec  T/O =  0  PRV =  6
5 : 0 6 15 10 8 122 ~85                                                  0     0      0.08 sec  T/O =  0  PRV =  6
6 : 0 6 15 10 8 8 114 ~85                                                0     0      0.08 sec  T/O =  0  PRV =  6
7 : 0 6 15 10 8 8 15 99 ~85                                              0     0      0.09 sec  T/O =  0  PRV =  6
8 : 0 6 15 10 8 8 15 13 86 ~85                                           0     0      0.09 sec  T/O =  0  PRV =  6
9 : 0 6 15 10 8 8 15 13 21 85 ~85                                       11    17      0.13 sec  T/O =  0  PRV =  6
10 : 0 6 15 10 8 8 15 11 10 7 68 ~86                                      0    17      0.17 sec  T/O =  0  PRV =  6
11 : 0 6 15 10 8 8 15 11 10 7 17 51 ~86                                   0    17      0.18 sec  T/O =  0  PRV =  6
12 : 0 6 15 10 8 8 15 12 12 8 19 19 45 ~86                               10    24      0.21 sec  T/O =  0  PRV =  6
13 : 0 6 15 10 8 5 10 5 8 7 15 17 12 34 ~87                               1    24      0.25 sec  T/O =  0  PRV =  6
14 : 0 6 15 10 8 5 10 5 8 7 15 17 13 13 30 ~87                            5    26      0.28 sec  T/O =  0  PRV =  6
15 : 0 6 15 10 8 5 10 5 8 7 15 17 12 11 13 23 ~87                         4    26      0.30 sec  T/O =  0  PRV =  6
16 : 0 6 15 10 8 5 10 5 8 7 15 22 21 27 15 18 12 ~87                     27    27      0.37 sec  T/O =  0  PRV =  6
16 : 0 6 15 11 8 5 10 5 8 7 16 25 28 40 26 28 12 ~87                     29    28      0.43 sec  T/O =  0  PRV =  6
16 : 0 6 15 11 8 5 10 5 8 7 16 25 28 40 26 29 17 ~87                     26    28      0.52 sec  T/O =  0  PRV =  6
Timing out on output 3 in frame 16 (retrying in next anytime pass).
16 : 0 6 15 11 8 5 10 5 8 7 16 25 28 40 26 29 17 ~87                      0    28      0.52 sec  T/O =  1  PRV =  6
17 : 0 6 15 8 6 4 10 5 8 7 16 13 11 13 15 20 22 12 ~87                    1    31      0.59 sec  T/O =  1  PRV =  6
18 : 0 6 15 8 6 4 10 5 8 7 16 13 11 13 14 20 22 11 4 ~87                  1    34      0.72 sec  T/O =  1  PRV =  6
19 : 0 6 15 8 6 4 10 5 8 7 18 14 12 13 14 23 24 15 8 11 ~87              23    44      0.94 sec  T/O =  1  PRV =  6
20 : 0 6 15 8 6 4 10 5 8 7 17 13 11 13 14 21 26 15 9 6 6 ~91             14    45      1.03 sec  T/O =  1  PRV =  6
21 : 0 6 15 8 6 4 10 5 8 7 17 13 11 13 14 21 23 10 4 5 5 2 ~93            1    45      1.05 sec  T/O =  1  PRV =  6
22 : 0 6 15 8 6 4 10 5 8 7 19 14 12 13 14 22 23 10 5 7 7 6 9 ~93         26    47      1.09 sec  T/O =  1  PRV =  6
23 : ... 6 15 8 6 4 10 5 8 7 19 14 11 13 14 20 23 10 5 3 2 3 4 5 ~98      1    47      1.12 sec  T/O =  1  PRV =  6
24 : ... 15 8 6 4 10 5 8 7 19 14 11 13 14 20 23 10 5 3 2 3 4 2 5 ~98      1    47      1.14 sec  T/O =  1  PRV =  6
25 : ... 8 6 4 10 5 8 7 19 14 11 14 16 21 24 12 6 3 3 4 7 5 3 9 ~98      24    47      1.19 sec  T/O =  1  PRV =  6
26 : ... 6 4 10 5 8 7 19 13 10 12 14 15 19 13 6 2 2 3 4 3 3 6 1 ~101      0    47      1.22 sec  T/O =  1  PRV =  6
27 : ... 4 10 5 8 7 19 13 10 12 14 15 19 13 6 2 2 3 4 3 3 6 3 3 ~101      1    48      1.25 sec  T/O =  1  PRV =  6
28 : ... 10 5 8 7 19 13 10 12 14 15 19 13 6 2 2 3 4 3 3 6 3 3 1 ~103      1    48      1.27 sec  T/O =  1  PRV =  6
29 : ... 5 8 7 19 13 10 12 14 15 19 13 6 2 2 3 4 3 3 6 3 3 3 1 ~103       1    48      1.30 sec  T/O =  1  PRV =  6
30 : ... 10 12 14 15 19 13 6 2 2 3 4 3 3 6 5 8 5 4 -2 ~103       10    48      1.33 sec  T/O =  1  PRV =  6
Timing out on output 0 in frame 30 (retrying in next anytime pass).
30 : ... 10 12 14 15 19 13 6 2 2 3 4 3 3 6 5 8 5 4 -2 ~103        0    48      1.33 sec  T/O =  2  PRV =  6
31 : ... 10 12 14 15 19 13 6 2 2 3 4 3 3 6 4 5 3 4 2 -3 ~103      0    48      1.35 sec  T/O =  2  PRV =  6
All outputs solved or timed out in frame 31.
Starting new anytime pass, reusing clauses.
Frame Clauses                                                     Max Queue Flops Time
1 : 0 228 ~103                                                           0     0      0.06 sec  T/O =  0  PRV =  6
2 : 0 6 222 ~103                                                         0     0      0.06 sec  T/O =  0  PRV =  6
3 : 0 6 15 207 ~103                                                      0     0      0.07 sec  T/O =  0  PRV =  6
4 : 0 6 15 8 199 ~103                                                    0     0      0.07 sec  T/O =  0  PRV =  6
5 : 0 6 15 8 6 193 ~103                                                  0     0      0.08 sec  T/O =  0  PRV =  6
6 : 0 6 15 8 6 4 189 ~103                                                0     0      0.09 sec  T/O =  0  PRV =  6
7 : 0 6 15 8 6 4 10 179 ~103                                             0     0      0.10 sec  T/O =  0  PRV =  6
8 : 0 6 15 8 6 4 10 5 174 ~103                                           0     0      0.11 sec  T/O =  0  PRV =  6
9 : 0 6 15 8 6 4 10 5 8 166 ~103                                         0     0      0.11 sec  T/O =  0  PRV =  6
10 : 0 6 15 8 6 4 10 5 8 7 159 ~103                                       0     0      0.12 sec  T/O =  0  PRV =  6
11 : 0 6 15 8 6 4 10 5 8 7 19 140 ~103                                    0     0      0.13 sec  T/O =  0  PRV =  6
12 : 0 6 15 8 6 4 10 5 8 7 19 13 127 ~103                                 0     0      0.13 sec  T/O =  0  PRV =  6
13 : 0 6 15 8 6 4 10 5 8 7 19 13 10 117 ~103                              0     0      0.14 sec  T/O =  0  PRV =  6
14 : 0 6 15 8 6 4 10 5 8 7 19 13 10 12 105 ~103                           0     0      0.15 sec  T/O =  0  PRV =  6
15 : 0 6 15 8 6 4 10 5 8 7 19 13 10 12 14 91 ~103                         0     0      0.16 sec  T/O =  0  PRV =  6
16 : 0 6 15 8 6 4 10 5 8 7 19 13 10 12 14 15 76 ~103                      0     0      0.17 sec  T/O =  0  PRV =  6
17 : 0 6 15 8 6 4 10 5 8 7 19 13 10 12 14 15 19 57 ~103                   0     0      0.18 sec  T/O =  0  PRV =  6
18 : 0 6 15 8 6 4 10 5 8 7 19 13 10 12 14 15 21 25 55 ~103                7    20      0.20 sec  T/O =  0  PRV =  6
19 : 0 6 15 8 6 4 10 5 8 7 19 13 10 12 14 15 14 18 14 45 ~103             0    20      0.23 sec  T/O =  0  PRV =  6
20 : 0 6 15 8 6 4 10 5 8 7 19 13 10 12 14 17 17 31 30 15 40 ~103         22    22      0.28 sec  T/O =  0  PRV =  6
20 : ... 6 17 8 6 4 11 6 10 10 20 14 12 16 16 21 21 35 30 16 40 ~103     46    25      0.31 sec  T/O =  0  PRV =  6
20 : ... 6 17 8 6 4 11 6 10 10 20 17 18 20 20 28 26 40 32 17 40 ~103     54    25      0.35 sec  T/O =  0  PRV =  6
20 : ... 6 17 8 6 4 11 6 10 10 20 17 20 20 24 37 38 43 35 18 40 ~103     53    25      0.38 sec  T/O =  0  PRV =  6
20 : ... 6 17 8 6 4 11 6 10 10 20 17 20 21 25 38 39 47 41 23 46 ~103     44    26      0.39 sec  T/O =  0  PRV =  6
20 : ... 6 17 8 6 4 11 6 10 10 20 17 20 21 25 38 41 48 41 23 48 ~103     16    26      0.40 sec  T/O =  0  PRV =  6
21 : 0 6 15 8 6 4 10 5 7 4 6 5 6 5 5 3 2 1 12 13 10 36 ~105               0    26      0.44 sec  T/O =  0  PRV =  6
22 : 0 6 15 8 6 4 10 5 7 4 6 5 6 5 5 3 2 1 12 13 10 5 31 ~105             0    26      0.44 sec  T/O =  0  PRV =  6
23 : 0 6 15 8 6 4 10 5 7 4 6 5 6 5 5 3 2 1 12 13 10 5 5 27 ~105           1    26      0.45 sec  T/O =  0  PRV =  6
24 : ... 6 15 8 6 4 10 5 7 4 6 5 6 5 5 3 2 1 12 13 10 5 6 6 27 ~105       3    26      0.49 sec  T/O =  0  PRV =  6
25 : ... 15 8 6 4 10 5 7 4 6 5 6 5 5 3 2 1 12 13 10 5 4 4 7 23 ~105       1    26      0.51 sec  T/O =  0  PRV =  6
26 : ... 8 6 4 10 5 7 4 6 5 6 5 5 3 2 1 12 13 10 5 4 6 11 12 18 ~105      9    26      0.53 sec  T/O =  0  PRV =  6
27 : ... 6 4 10 5 7 4 6 5 6 5 5 3 2 1 12 13 10 5 4 4 8 10 8 13 ~105       1    26      0.56 sec  T/O =  0  PRV =  6
28 : ... 6 4 10 5 7 4 6 5 6 5 5 3 2 1 12 13 10 5 4 4 8 10 9 9 9 ~105      4    26      0.58 sec  T/O =  0  PRV =  6
29 : ... 4 10 5 7 4 6 5 6 5 5 3 2 1 12 13 10 5 4 4 8 10 7 7 7 5 ~105      1    26      0.59 sec  T/O =  0  PRV =  6
30 : ... 7 4 6 5 6 5 5 3 2 1 12 13 10 5 4 4 8 11 14 21 17 11 5 ~105      17    39      0.67 sec  T/O =  0  PRV =  6
30 : ... 4 6 5 6 5 5 3 2 1 12 13 10 6 6 7 13 22 30 38 28 17 12 ~105      33    41      0.85 sec  T/O =  0  PRV =  6
30 : ... 6 5 6 5 5 3 2 1 12 13 10 9 18 23 30 26 30 38 28 17 12 ~105      54    41      0.92 sec  T/O =  0  PRV =  6
30 : ... 6 5 6 5 5 3 2 1 12 13 13 17 29 42 38 28 30 38 28 17 12 ~105     78    43      0.95 sec  T/O =  0  PRV =  6
30 : ... 6 5 6 5 5 3 2 1 12 13 18 30 38 50 46 29 30 38 28 17 12 ~105     87    44      0.99 sec  T/O =  0  PRV =  6
30 : ... 6 5 6 5 5 3 2 1 12 13 18 30 40 50 46 29 30 38 28 17 12 ~105     83    44      1.00 sec  T/O =  0  PRV =  6
Timing out on output 3 in frame 30 (retrying in next anytime pass).
30 : ... 6 5 6 5 5 3 2 1 12 13 18 30 40 50 46 29 30 38 28 17 12 ~105      0    44      1.00 sec  T/O =  1  PRV =  6
31 : ... 6 5 6 5 5 3 2 1 12 10 11 13 11 9 19 20 13 12 13 15 5 9 ~110      1    44      1.07 sec  T/O =  1  PRV =  6
32 : ... 5 5 3 2 1 12 10 11 13 11 9 19 20 13 12 14 18 14 12 14 ~109      14    45      1.32 sec  T/O =  1  PRV =  6
33 : ... 6 5 5 3 2 1 12 10 11 13 11 9 19 20 13 12 12 15 7 6 8 8 ~113      1    45      1.36 sec  T/O =  1  PRV =  6
34 : ... 5 3 2 1 12 10 11 13 11 9 19 20 13 12 12 15 8 9 12 10 2 ~113      9    45      1.51 sec  T/O =  1  PRV =  6
Timing out on output 0 in frame 34 (retrying in next anytime pass).
34 : ... 5 3 2 1 12 10 11 13 11 9 19 20 13 12 12 15 8 9 12 10 2 ~113      0    45      1.51 sec  T/O =  2  PRV =  6
35 : ... 10 11 13 11 9 19 20 13 12 12 15 7 5 8 10 4 -2 ~113       0    45      1.75 sec  T/O =  2  PRV =  6
All outputs solved or timed out in frame 35.
Starting new anytime pass, reusing clauses.
Frame Clauses                                                     Max Queue Flops Time
1 : 0 287 ~113                                                           0     0      0.10 sec  T/O =  0  PRV =  6
2 : 0 6 281 ~113                                                         0     0      0.10 sec  T/O =  0  PRV =  6
3 : 0 6 15 266 ~113                                                      0     0      0.11 sec  T/O =  0  PRV =  6
4 : 0 6 15 8 258 ~113                                                    0     0      0.11 sec  T/O =  0  PRV =  6
5 : 0 6 15 8 6 252 ~113                                                  0     0      0.11 sec  T/O =  0  PRV =  6
6 : 0 6 15 8 6 4 248 ~113                                                0     0      0.12 sec  T/O =  0  PRV =  6
7 : 0 6 15 8 6 4 10 238 ~113                                             0     0      0.12 sec  T/O =  0  PRV =  6
8 : 0 6 15 8 6 4 10 5 233 ~113                                           0     0      0.13 sec  T/O =  0  PRV =  6
9 : 0 6 15 8 6 4 10 5 7 226 ~113                                         0     0      0.13 sec  T/O =  0  PRV =  6
10 : 0 6 15 8 6 4 10 5 7 4 222 ~113                                       0     0      0.14 sec  T/O =  0  PRV =  6
11 : 0 6 15 8 6 4 10 5 7 4 6 216 ~113                                     0     0      0.15 sec  T/O =  0  PRV =  6
12 : 0 6 15 8 6 4 10 5 7 4 6 5 211 ~113                                   0     0      0.16 sec  T/O =  0  PRV =  6
13 : 0 6 15 8 6 4 10 5 7 4 6 5 6 205 ~113                                 0     0      0.20 sec  T/O =  0  PRV =  6
14 : 0 6 15 8 6 4 10 5 7 4 6 5 6 5 200 ~113                               0     0      0.21 sec  T/O =  0  PRV =  6
15 : 0 6 15 8 6 4 10 5 7 4 6 5 6 5 5 195 ~113                             0     0      0.21 sec  T/O =  0  PRV =  6
16 : 0 6 15 8 6 4 10 5 7 4 6 5 6 5 5 3 192 ~113                           0     0      0.22 sec  T/O =  0  PRV =  6
17 : 0 6 15 8 6 4 10 5 7 4 6 5 6 5 5 3 2 190 ~113                         0     0      0.22 sec  T/O =  0  PRV =  6
18 : 0 6 15 8 6 4 10 5 7 4 6 5 6 5 5 3 2 1 189 ~113                       0     0      0.23 sec  T/O =  0  PRV =  6
19 : 0 6 15 8 6 4 10 5 7 4 6 5 6 5 5 3 2 1 12 177 ~113                    0     0      0.31 sec  T/O =  0  PRV =  6
20 : 0 6 15 8 6 4 10 5 7 4 6 5 6 5 5 3 2 1 12 10 167 ~113                 0     0      0.31 sec  T/O =  0  PRV =  6
21 : 0 6 15 8 6 4 10 5 7 4 6 5 6 5 5 3 2 1 12 10 11 156 ~113              0     0      0.32 sec  T/O =  0  PRV =  6
22 : 0 6 15 8 6 4 10 5 7 4 6 5 6 5 5 3 2 1 12 10 11 13 143 ~113           0     0      0.33 sec  T/O =  0  PRV =  6
23 : ... 6 15 8 6 4 10 5 7 4 6 5 6 5 5 3 2 1 12 10 11 13 11 132 ~113      0     0      0.34 sec  T/O =  0  PRV =  6
24 : ... 15 8 6 4 10 5 7 4 6 5 6 5 5 3 2 1 12 10 11 13 11 9 123 ~113      0     0      0.36 sec  T/O =  0  PRV =  6
25 : ... 8 6 4 10 5 7 4 6 5 6 5 5 3 2 1 12 10 11 13 11 9 19 104 ~113      0     0      0.38 sec  T/O =  0  PRV =  6
26 : ... 6 4 10 5 7 4 6 5 6 5 5 3 2 1 12 10 11 13 11 9 19 20 84 ~113      0     0      0.40 sec  T/O =  0  PRV =  6
27 : ... 10 5 7 4 6 5 6 5 5 3 2 1 12 10 11 13 11 9 19 20 13 71 ~113       0     0      0.41 sec  T/O =  0  PRV =  6
28 : ... 5 7 4 6 5 6 5 5 3 2 1 12 10 11 13 11 9 19 20 13 12 59 ~113       0     0      0.44 sec  T/O =  0  PRV =  6
29 : ... 7 4 6 5 6 5 5 3 2 1 12 10 11 13 11 9 19 20 13 12 12 47 ~113      0     0      0.45 sec  T/O =  0  PRV =  6
30 : ... 6 5 6 5 5 3 2 1 12 10 11 13 11 9 19 21 22 25 27 24 36 ~113      25    22      0.69 sec  T/O =  0  PRV =  6
30 : ... 6 5 6 5 5 3 2 1 12 10 11 13 11 10 28 30 33 34 31 24 36 ~113     42    23      0.79 sec  T/O =  0  PRV =  6
30 : ... 6 5 6 5 5 3 2 1 12 10 11 15 18 23 34 47 36 35 31 24 36 ~113     67    23      0.85 sec  T/O =  0  PRV =  6
30 : ... 6 5 6 5 5 3 2 1 12 10 11 28 29 34 44 47 36 35 31 24 36 ~113     90    25      0.94 sec  T/O =  0  PRV =  6
30 : ... 6 5 6 5 5 3 2 1 13 12 12 29 30 35 45 48 37 35 31 24 36 ~113    104    27      0.96 sec  T/O =  0  PRV =  6
30 : ... 6 5 6 5 5 3 2 1 13 12 12 29 30 35 45 48 37 36 33 25 39 ~113     56    28      0.97 sec  T/O =  0  PRV =  6
31 : ... 6 5 6 5 5 3 2 1 12 10 7 7 13 12 26 20 10 7 7 15 16 35 ~113       0    28      1.04 sec  T/O =  0  PRV =  6
32 : ... 6 5 6 5 5 3 2 1 12 10 7 7 13 10 21 20 9 7 6 15 16 9 26 ~113      0    28      1.11 sec  T/O =  0  PRV =  6
33 : ... 5 6 5 5 3 2 1 12 10 7 7 13 10 21 20 9 7 6 15 16 9 9 17 ~113      0    28      1.15 sec  T/O =  0  PRV =  6
34 : ... 5 5 3 2 1 12 10 7 7 13 10 21 20 9 7 6 15 17 13 13 14 8 ~113     11    35      1.23 sec  T/O =  0  PRV =  6
35 : ... 5 5 3 2 1 12 10 7 7 13 10 21 20 9 7 6 15 15 8 8 14 9 7 ~114      4    35      1.34 sec  T/O =  0  PRV =  6
36 : ... 3 2 1 12 10 7 7 13 10 21 20 9 7 6 15 15 8 8 12 7 10 3 ~114       1    35      1.45 sec  T/O =  0  PRV =  6
37 : ... 1 12 10 7 7 13 10 21 20 9 7 6 15 15 8 8 12 17 23 14 9 ~114      15    40      1.72 sec  T/O =  0  PRV =  6
38 : ... 10 7 7 13 10 21 20 13 11 10 16 16 8 9 19 12 17 12 13 5 ~115     24    43      1.91 sec  T/O =  0  PRV =  6
38 : ... 8 7 15 15 22 22 15 12 11 17 17 9 12 21 13 17 16 18 15 ~115      37    47      2.08 sec  T/O =  0  PRV =  6
38 : ... 8 7 15 15 22 22 15 12 11 17 17 9 12 22 14 20 19 22 23 ~115      11    47      2.38 sec  T/O =  0  PRV =  6
39 : ... 7 7 14 11 20 16 12 9 9 13 17 7 10 10 9 8 15 16 10 14 ~119       16    48      2.63 sec  T/O =  0  PRV =  6
Timing out on output 0 in frame 39 (retrying in next anytime pass).
39 : ... 7 7 14 11 20 16 12 9 9 13 17 7 10 10 9 8 15 17 12 17 ~119        4    48      2.63 sec  T/O =  1  PRV =  6
40 : ... 7 7 14 11 20 16 12 7 9 13 17 7 6 11 9 8 14 12 12 12 9 ~118       1    48      2.76 sec  T/O =  1  PRV =  6
41 : ... 7 14 11 20 16 12 7 9 13 17 7 6 10 9 9 19 20 30 24 18 2 ~118     37    48      2.89 sec  T/O =  1  PRV =  6
41 : ... 14 11 20 16 12 7 9 13 17 7 6 10 11 13 25 26 33 26 19 5 ~118     50    48      2.93 sec  T/O =  1  PRV =  6
42 : ... 12 7 9 13 17 7 6 10 10 8 18 13 16 17 13 13 -2 ~118       1    48      2.97 sec  T/O =  1  PRV =  6
43 : ... 11 20 16 12 7 9 13 17 7 6 10 10 8 18 13 16 17 13 14 9 -1 ~118      5    48      3.02 sec  T/O =  1  PRV =  6
44 : ... 7 9 13 17 7 6 10 10 8 18 13 16 17 13 12 7 6 -4 ~118      1    48      3.07 sec  T/O =  1  PRV =  6
45 : ... 12 7 9 13 17 7 6 10 10 8 18 13 16 17 13 12 7 15 12 1 ~118       13    48      3.24 sec  T/O =  1  PRV =  6
46 : ... 13 17 7 6 10 10 8 18 13 16 17 13 12 6 8 5 3 -2 ~118      0    48      3.49 sec  T/O =  1  PRV =  6
47 : ... 17 7 6 10 10 8 18 13 16 17 13 12 6 8 5 2 3 -4 ~118       1    48      3.60 sec  T/O =  1  PRV =  6
48 : ... 7 9 13 17 7 6 10 10 8 18 13 16 17 13 12 6 8 5 2 6 9 1 ~118       7    48      3.66 sec  T/O =  1  PRV =  6
49 : ... 7 6 10 10 8 18 13 16 17 13 12 6 8 5 2 4 7 8 -4 ~118      1    48      3.75 sec  T/O =  1  PRV =  6
50 : ... 10 8 18 13 16 17 13 12 6 8 6 3 9 18 11 13 -2 ~118       26    48      3.93 sec  T/O =  1  PRV =  6
Timing out on output 3 in frame 50 (retrying in next anytime pass).
50 : ... 10 8 18 13 16 17 13 12 6 8 6 3 9 18 11 13 -2 ~118        0    48      3.93 sec  T/O =  2  PRV =  6
51 : ... 10 8 18 13 16 17 13 12 6 8 6 3 3 5 6 13 13 -4 ~118       0    48      3.99 sec  T/O =  2  PRV =  6
All outputs solved or timed out in frame 51.
Starting new anytime pass, reusing clauses.
Frame Clauses                                                     Max Queue Flops Time
1 : 0 443 ~118                                                           0     0      0.27 sec  T/O =  0  PRV =  6
2 : 0 6 437 ~118                                                         0     0      0.27 sec  T/O =  0  PRV =  6
3 : 0 6 15 422 ~118                                                      0     0      0.28 sec  T/O =  0  PRV =  6
4 : 0 6 15 8 414 ~118                                                    0     0      0.28 sec  T/O =  0  PRV =  6
5 : 0 6 15 8 6 408 ~118                                                  0     0      0.29 sec  T/O =  0  PRV =  6
6 : 0 6 15 8 6 4 404 ~118                                                0     0      0.30 sec  T/O =  0  PRV =  6
7 : 0 6 15 8 6 4 10 394 ~118                                             0     0      0.31 sec  T/O =  0  PRV =  6
8 : 0 6 15 8 6 4 10 5 389 ~118                                           0     0      0.32 sec  T/O =  0  PRV =  6
9 : 0 6 15 8 6 4 10 5 7 382 ~118                                         0     0      0.33 sec  T/O =  0  PRV =  6
10 : 0 6 15 8 6 4 10 5 7 4 378 ~118                                       0     0      0.33 sec  T/O =  0  PRV =  6
11 : 0 6 15 8 6 4 10 5 7 4 6 372 ~118                                     0     0      0.34 sec  T/O =  0  PRV =  6
12 : 0 6 15 8 6 4 10 5 7 4 6 5 367 ~118                                   0     0      0.34 sec  T/O =  0  PRV =  6
13 : 0 6 15 8 6 4 10 5 7 4 6 5 6 361 ~118                                 0     0      0.35 sec  T/O =  0  PRV =  6
14 : 0 6 15 8 6 4 10 5 7 4 6 5 6 5 356 ~118                               0     0      0.36 sec  T/O =  0  PRV =  6
15 : 0 6 15 8 6 4 10 5 7 4 6 5 6 5 5 351 ~118                             0     0      0.38 sec  T/O =  0  PRV =  6
16 : 0 6 15 8 6 4 10 5 7 4 6 5 6 5 5 3 348 ~118                           0     0      0.40 sec  T/O =  0  PRV =  6
17 : 0 6 15 8 6 4 10 5 7 4 6 5 6 5 5 3 2 346 ~118                         0     0      0.42 sec  T/O =  0  PRV =  6
18 : 0 6 15 8 6 4 10 5 7 4 6 5 6 5 5 3 2 1 345 ~118                       0     0      0.44 sec  T/O =  0  PRV =  6
19 : 0 6 15 8 6 4 10 5 7 4 6 5 6 5 5 3 2 1 14 331 ~118                    0     0      0.45 sec  T/O =  0  PRV =  6
20 : 0 6 15 8 6 4 10 5 7 4 6 5 6 5 5 3 2 1 14 11 320 ~118                 0     0      0.46 sec  T/O =  0  PRV =  6
21 : 0 6 15 8 6 4 10 5 7 4 6 5 6 5 5 3 2 1 14 11 7 313 ~118               0     0      0.47 sec  T/O =  0  PRV =  6
22 : 0 6 15 8 6 4 10 5 7 4 6 5 6 5 5 3 2 1 14 11 7 7 306 ~118             0     0      0.48 sec  T/O =  0  PRV =  6
23 : 0 6 15 8 6 4 10 5 7 4 6 5 6 5 5 3 2 1 14 11 7 7 14 292 ~118          0     0      0.50 sec  T/O =  0  PRV =  6
24 : ... 15 8 6 4 10 5 7 4 6 5 6 5 5 3 2 1 14 11 7 7 14 11 281 ~118       0     0      0.53 sec  T/O =  0  PRV =  6
25 : ... 8 6 4 10 5 7 4 6 5 6 5 5 3 2 1 14 11 7 7 14 11 20 261 ~118       0     0      0.55 sec  T/O =  0  PRV =  6
26 : ... 6 4 10 5 7 4 6 5 6 5 5 3 2 1 14 11 7 7 14 11 20 16 245 ~118      0     0      0.56 sec  T/O =  0  PRV =  6
27 : ... 10 5 7 4 6 5 6 5 5 3 2 1 14 11 7 7 14 11 20 16 12 233 ~118       0     0      0.58 sec  T/O =  0  PRV =  6
28 : ... 5 7 4 6 5 6 5 5 3 2 1 14 11 7 7 14 11 20 16 12 7 226 ~118        0     0      0.60 sec  T/O =  0  PRV =  6
29 : ... 5 7 4 6 5 6 5 5 3 2 1 14 11 7 7 14 11 20 16 12 7 9 217 ~118      0     0      0.63 sec  T/O =  0  PRV =  6
30 : ... 4 6 5 6 5 5 3 2 1 14 11 7 7 14 11 20 16 12 7 9 13 204 ~118       0     0      0.70 sec  T/O =  0  PRV =  6
31 : ... 6 5 6 5 5 3 2 1 14 11 7 7 14 11 20 16 12 7 9 13 17 187 ~118      0     0      0.73 sec  T/O =  0  PRV =  6
32 : ... 5 6 5 5 3 2 1 14 11 7 7 14 11 20 16 12 7 9 13 17 7 180 ~118      0     0      0.75 sec  T/O =  0  PRV =  6
33 : ... 6 5 5 3 2 1 14 11 7 7 14 11 20 16 12 7 9 13 17 7 6 174 ~118      0     0      0.78 sec  T/O =  0  PRV =  6
34 : ... 5 3 2 1 14 11 7 7 14 11 20 16 12 7 9 13 17 7 6 10 164 ~118       0     0      0.80 sec  T/O =  0  PRV =  6
35 : ... 3 2 1 14 11 7 7 14 11 20 16 12 7 9 13 17 7 6 10 10 154 ~118      0     0      0.89 sec  T/O =  0  PRV =  6
36 : ... 2 1 14 11 7 7 14 11 20 16 12 7 9 13 17 7 6 10 10 8 146 ~118      0     0      0.92 sec  T/O =  0  PRV =  6
37 : ... 14 11 7 7 14 11 20 16 12 7 9 13 17 7 6 10 10 8 18 128 ~118       0     0      0.96 sec  T/O =  0  PRV =  6
38 : ... 11 7 7 14 11 20 16 12 7 9 13 17 7 6 10 10 8 18 13 115 ~118       0     0      1.02 sec  T/O =  0  PRV =  6
39 : ... 7 7 14 11 20 16 12 7 9 13 17 7 6 10 10 8 18 13 16 99 ~118        0     0      1.09 sec  T/O =  0  PRV =  6
40 : ... 14 11 20 18 15 11 13 18 19 9 8 13 12 10 21 16 20 21 90 ~118     32    23      1.49 sec  T/O =  0  PRV =  6
40 : ... 14 11 20 18 15 11 13 18 19 9 8 13 12 10 21 16 20 23 96 ~118     19    23      1.50 sec  T/O =  0  PRV =  6
41 : ... 14 11 20 16 12 8 8 11 15 6 6 8 12 6 11 14 12 19 18 87 ~121       1    23      1.72 sec  T/O =  0  PRV =  6
42 : ... 11 20 16 12 8 8 11 15 6 6 7 11 6 11 14 12 19 18 19 69 ~121       1    23      1.79 sec  T/O =  0  PRV =  6
43 : ... 20 16 12 8 8 11 15 6 6 7 11 6 11 14 12 19 18 19 14 59 ~121       1    23      1.88 sec  T/O =  0  PRV =  6
44 : ... 16 12 8 8 11 15 6 6 7 11 6 11 14 12 19 18 21 16 14 53 ~121       9    23      2.02 sec  T/O =  0  PRV =  6
45 : ... 12 8 8 11 15 6 6 7 11 6 11 14 12 19 18 18 14 14 9 48 ~121        1    23      2.05 sec  T/O =  0  PRV =  6
46 : ... 8 8 11 15 6 6 7 11 6 11 14 12 19 18 18 20 28 24 12 45 ~121      26    24      2.13 sec  T/O =  0  PRV =  6
46 : ... 8 8 11 15 6 6 8 12 6 11 14 13 20 21 22 25 41 36 19 51 ~121      31    24      2.18 sec  T/O =  0  PRV =  6
46 : ... 8 8 11 15 6 6 8 12 6 11 14 13 20 21 22 25 41 36 19 55 ~121       0    24      2.19 sec  T/O =  0  PRV =  6
47 : ... 8 8 11 15 6 6 4 14 6 9 13 11 16 17 11 5 14 14 12 7 61 ~121       0    24      2.48 sec  T/O =  0  PRV =  6
48 : ... 8 11 15 6 6 4 14 6 9 13 11 16 17 11 5 14 14 12 7 13 50 ~121      1    24      2.63 sec  T/O =  0  PRV =  6
49 : ... 15 6 6 4 14 6 9 13 11 16 17 11 5 14 14 12 13 20 19 45 ~121      15    25      2.78 sec  T/O =  0  PRV =  6
50 : ... 15 6 6 4 14 6 9 13 11 16 17 11 5 14 14 6 6 12 19 27 24 ~121      1    25      3.09 sec  T/O =  0  PRV =  6
51 : ... 6 6 4 14 6 9 13 11 16 17 11 5 14 14 6 6 12 19 27 23 11 ~121      4    35      3.26 sec  T/O =  0  PRV =  6
52 : ... 4 14 6 9 13 11 16 17 11 5 14 17 14 20 18 26 33 22 12 8 ~121     38    43      3.74 sec  T/O =  0  PRV =  6
52 : ... 14 6 9 13 11 16 19 17 19 25 26 18 20 18 26 33 22 12 8 ~121      66    45      3.98 sec  T/O =  0  PRV =  6
52 : ... 14 7 16 21 17 25 28 24 21 25 26 18 20 18 26 33 22 12 8 ~121     95    45      4.11 sec  T/O =  0  PRV =  6
52 : ... 17 22 24 20 29 29 24 21 25 26 18 20 18 26 33 22 12 8 ~121      112    45      4.32 sec  T/O =  0  PRV =  6
52 : ... 20 22 24 20 29 29 24 21 25 26 18 20 18 26 33 22 12 8 ~121      138    45      4.59 sec  T/O =  0  PRV =  6
52 : ... 20 22 24 20 29 29 24 21 25 26 18 20 18 26 33 22 12 8 ~121      153    45      4.85 sec  T/O =  0  PRV =  6
52 : ... 20 22 24 20 29 29 24 21 25 26 18 20 18 26 33 22 12 8 ~121      157    45      4.97 sec  T/O =  0  PRV =  6
52 : ... 20 22 24 20 29 29 24 21 25 26 18 20 18 26 33 22 12 8 ~121      159    45      5.00 sec  T/O =  0  PRV =  6
Timing out on output 3 in frame 52 (retrying in next anytime pass).
52 : ... 20 22 24 20 29 29 24 21 25 26 18 20 18 26 33 22 12 8 ~121        0    45      5.00 sec  T/O =  1  PRV =  6
53 : ... 19 16 13 16 17 10 11 13 12 8 11 14 26 38 37 32 19 10 ~121       24    45      5.34 sec  T/O =  1  PRV =  6
53 : ... 19 16 13 18 17 11 11 13 12 8 11 16 27 41 41 38 24 17 ~121       29    45      5.46 sec  T/O =  1  PRV =  6
53 : ... 19 16 13 18 17 11 11 13 12 8 11 16 27 41 41 38 24 24 ~121        1    45      5.47 sec  T/O =  1  PRV =  6
54 : ... 19 16 11 17 16 10 11 9 10 12 11 14 17 22 15 14 7 9 29 ~126       1    45      5.63 sec  T/O =  1  PRV =  6
55 : ... 16 11 16 15 10 11 9 10 12 12 17 21 35 25 22 14 13 7 40 ~126     27    45      5.84 sec  T/O =  1  PRV =  6
56 : ... 19 16 11 16 12 8 11 9 9 6 9 14 9 14 14 14 4 4 1 12 33 ~126       1    45      5.91 sec  T/O =  1  PRV =  6
57 : ... 16 11 16 12 8 11 9 9 6 9 14 9 14 14 14 4 4 1 12 12 27 ~126       1    45      5.97 sec  T/O =  1  PRV =  6
58 : ... 11 16 12 8 11 9 9 6 9 14 9 14 14 14 4 4 1 12 12 8 22 ~126        1    45      6.19 sec  T/O =  1  PRV =  6
59 : ... 16 12 8 11 9 9 6 9 14 9 14 14 14 4 4 1 12 12 10 13 17 ~126       5    45      6.51 sec  T/O =  1  PRV =  6
60 : ... 16 12 8 11 9 9 6 9 14 9 14 14 14 4 4 1 12 12 9 12 13 9 ~126      1    45      6.57 sec  T/O =  1  PRV =  6
61 : ... 8 11 9 9 6 9 14 9 14 14 14 4 4 1 12 12 16 29 27 15 12 ~126      14    45      6.84 sec  T/O =  1  PRV =  6
62 : ... 8 11 9 9 6 9 14 9 14 14 14 4 4 1 12 12 9 16 19 13 11 7 ~126      1    45      6.91 sec  T/O =  1  PRV =  6
63 : ... 9 9 6 9 14 9 14 14 14 4 4 1 12 12 9 19 30 26 23 15 6 ~126       23    45      7.12 sec  T/O =  1  PRV =  6
63 : ... 9 9 6 9 14 9 14 14 14 4 4 1 12 12 9 19 30 27 24 16 15 ~126      13    45      7.13 sec  T/O =  1  PRV =  6
64 : ... 6 9 14 9 14 14 14 4 4 1 12 12 13 14 13 16 20 22 17 27 ~126      17    45      7.34 sec  T/O =  1  PRV =  6
65 : ... 9 9 6 9 14 9 14 14 14 4 4 1 12 12 6 5 7 5 5 6 8 9 36 ~126        1    45      7.40 sec  T/O =  1  PRV =  6
66 : ... 9 9 6 9 14 9 14 14 14 4 4 1 12 12 6 5 7 5 5 6 8 9 8 29 ~126      1    45      7.45 sec  T/O =  1  PRV =  6
67 : ... 14 9 14 14 14 4 4 1 12 15 9 8 10 8 9 10 14 16 13 12 18 ~126     44    45      7.54 sec  T/O =  1  PRV =  6
67 : ... 15 15 15 5 5 2 13 16 10 9 12 10 12 12 17 21 13 12 18 ~126       64    45      7.60 sec  T/O =  1  PRV =  6
67 : ... 15 15 15 5 5 2 13 16 10 9 12 10 12 12 19 24 18 18 25 ~126       22    45      7.62 sec  T/O =  1  PRV =  6
68 : ... 6 9 14 9 14 14 14 4 4 1 12 1 1 1 5 2 3 7 1 3 1 1 5 48 ~126       0    45      7.72 sec  T/O =  1  PRV =  6
69 : ... 9 14 9 14 14 14 4 4 1 12 1 1 1 5 2 3 7 1 3 1 1 5 2 46 ~126       0    45      7.83 sec  T/O =  1  PRV =  6
70 : ... 14 9 14 14 14 4 4 1 12 1 1 1 5 2 3 7 1 3 1 1 5 2 0 46 ~126       0    45      7.96 sec  T/O =  1  PRV =  6
Proved output 0 in frame 1481550880 (converged).
Starting new anytime pass, reusing clauses.
Frame Clauses                                                     Max Queue Flops Time
1 : 0 407 ~179                                                           0     0      0.46 sec  T/O =  0  PRV =  7
2 : 0 6 401 ~179                                                         0     0      0.46 sec  T/O =  0  PRV =  7
3 : 0 6 13 388 ~179                                                      0     0      0.47 sec  T/O =  0  PRV =  7
4 : 0 6 13 7 381 ~179                                                    0     0      0.47 sec  T/O =  0  PRV =  7
5 : 0 6 13 7 5 376 ~179                                                  0     0      0.47 sec  T/O =  0  PRV =  7
6 : 0 6 13 7 5 3 373 ~179                                                0     0      0.48 sec  T/O =  0  PRV =  7
7 : 0 6 13 7 5 3 8 365 ~179                                              0     0      0.49 sec  T/O =  0  PRV =  7
8 : 0 6 13 7 5 3 8 4 361 ~179                                            0     0      0.50 sec  T/O =  0  PRV =  7
9 : 0 6 13 7 5 3 8 4 4 357 ~179                                          0     0      0.50 sec  T/O =  0  PRV =  7
10 : 0 6 13 7 5 3 8 4 4 3 354 ~179                                        0     0      0.51 sec  T/O =  0  PRV =  7
11 : 0 6 13 7 5 3 8 4 4 3 4 350 ~179                                      0     0      0.51 sec  T/O =  0  PRV =  7
12 : 0 6 13 7 5 3 8 4 4 3 4 5 345 ~179                                    0     0      0.52 sec  T/O =  0  PRV =  7
13 : 0 6 13 7 5 3 8 4 4 3 4 5 5 340 ~179                                  0     0      0.52 sec  T/O =  0  PRV =  7
14 : 0 6 13 7 5 3 8 4 4 3 4 5 5 5 335 ~179                                0     0      0.53 sec  T/O =  0  PRV =  7
15 : 0 6 13 7 5 3 8 4 4 3 4 5 5 5 4 331 ~179                              0     0      0.53 sec  T/O =  0  PRV =  7
16 : 0 6 13 7 5 3 8 4 4 3 4 5 5 5 4 3 328 ~179                            0     0      0.53 sec  T/O =  0  PRV =  7
17 : 0 6 13 7 5 3 8 4 4 3 4 5 5 5 4 3 2 326 ~179                          0     0      0.54 sec  T/O =  0  PRV =  7
18 : 0 6 13 7 5 3 8 4 4 3 4 5 5 5 4 3 2 1 325 ~179                        0     0      0.55 sec  T/O =  0  PRV =  7
19 : 0 6 13 7 5 3 8 4 4 3 4 5 5 5 4 3 2 1 8 317 ~179                      0     0      0.55 sec  T/O =  0  PRV =  7
20 : 0 6 13 7 5 3 8 4 4 3 4 5 5 5 4 3 2 1 8 8 309 ~179                    0     0      0.56 sec  T/O =  0  PRV =  7
21 : 0 6 13 7 5 3 8 4 4 3 4 5 5 5 4 3 2 1 8 8 7 302 ~179                  0     0      0.59 sec  T/O =  0  PRV =  7
22 : 0 6 13 7 5 3 8 4 4 3 4 5 5 5 4 3 2 1 8 8 7 5 297 ~179                0     0      0.64 sec  T/O =  0  PRV =  7
23 : 0 6 13 7 5 3 8 4 4 3 4 5 5 5 4 3 2 1 8 8 7 5 8 289 ~179              0     0      0.70 sec  T/O =  0  PRV =  7
24 : 0 6 13 7 5 3 8 4 4 3 4 5 5 5 4 3 2 1 8 8 7 5 8 11 278 ~179           0     0      0.73 sec  T/O =  0  PRV =  7
25 : ... 6 13 7 5 3 8 4 4 3 4 5 5 5 4 3 2 1 8 8 7 5 8 11 16 262 ~179      0     0      0.74 sec  T/O =  0  PRV =  7
26 : ... 7 5 3 8 4 4 3 4 5 5 5 4 3 2 1 8 8 7 5 8 11 16 15 247 ~179        0     0      0.82 sec  T/O =  0  PRV =  7
27 : ... 5 3 8 4 4 3 4 5 5 5 4 3 2 1 8 8 7 5 8 11 16 15 10 237 ~179       0     0      0.84 sec  T/O =  0  PRV =  7
28 : ... 3 8 4 4 3 4 5 5 5 4 3 2 1 8 8 7 5 8 11 16 15 10 5 232 ~179       0     0      0.85 sec  T/O =  0  PRV =  7
29 : ... 8 4 4 3 4 5 5 5 4 3 2 1 8 8 7 5 8 11 16 15 10 5 6 226 ~179       0     0      0.90 sec  T/O =  0  PRV =  7
30 : ... 4 4 3 4 5 5 5 4 3 2 1 8 8 7 5 8 11 16 15 10 5 6 7 219 ~179       0     0      1.09 sec  T/O =  0  PRV =  7
31 : ... 4 3 4 5 5 5 4 3 2 1 8 8 7 5 8 11 16 15 10 5 6 7 7 212 ~179       0     0      1.13 sec  T/O =  0  PRV =  7
32 : ... 3 4 5 5 5 4 3 2 1 8 8 7 5 8 11 16 15 10 5 6 7 7 7 205 ~179       0     0      1.16 sec  T/O =  0  PRV =  7
33 : ... 4 5 5 5 4 3 2 1 8 8 7 5 8 11 16 15 10 5 6 7 7 7 10 195 ~179      0     0      1.20 sec  T/O =  0  PRV =  7
34 : ... 5 5 5 4 3 2 1 8 8 7 5 8 11 16 15 10 5 6 7 7 7 10 9 186 ~179      0     0      1.23 sec  T/O =  0  PRV =  7
35 : ... 5 4 3 2 1 8 8 7 5 8 11 16 15 10 5 6 7 7 7 10 9 11 175 ~179       0     0      1.24 sec  T/O =  0  PRV =  7
36 : ... 4 3 2 1 8 8 7 5 8 11 16 15 10 5 6 7 7 7 10 9 11 15 160 ~179      0     0      1.26 sec  T/O =  0  PRV =  7
37 : ... 2 1 8 8 7 5 8 11 16 15 10 5 6 7 7 7 10 9 11 15 19 141 ~179       0     0      1.29 sec  T/O =  0  PRV =  7
38 : ... 1 8 8 7 5 8 11 16 15 10 5 6 7 7 7 10 9 11 15 19 10 131 ~179      0     0      1.32 sec  T/O =  0  PRV =  7
39 : ... 8 7 5 8 11 16 15 10 5 6 7 7 7 10 9 11 15 19 10 10 121 ~179       0     0      1.34 sec  T/O =  0  PRV =  7
40 : ... 7 5 8 11 16 15 10 5 6 7 7 7 10 9 11 15 19 10 10 11 110 ~179      0     0      1.36 sec  T/O =  0  PRV =  7
41 : ... 5 8 11 16 15 10 5 6 7 7 7 10 9 11 15 19 10 10 11 7 103 ~179      0     0      1.55 sec  T/O =  0  PRV =  7
42 : ... 8 11 16 15 10 5 6 7 7 7 10 9 11 15 19 10 10 11 7 6 97 ~179       0     0      1.57 sec  T/O =  0  PRV =  7
43 : ... 11 16 15 10 5 6 7 7 7 10 9 11 15 19 10 10 11 7 6 7 90 ~179       0     0      1.63 sec  T/O =  0  PRV =  7
44 : ... 16 15 10 5 6 7 7 7 10 9 11 15 19 10 10 11 7 6 7 8 82 ~179        0     0      1.68 sec  T/O =  0  PRV =  7
45 : ... 16 15 10 5 6 7 7 7 10 9 11 15 19 10 10 11 7 6 7 8 4 78 ~179      0     0      1.85 sec  T/O =  0  PRV =  7
46 : ... 15 10 5 6 7 7 7 10 9 11 15 19 10 10 11 7 6 7 8 4 6 72 ~179       0     0      2.04 sec  T/O =  0  PRV =  7
47 : ... 10 5 6 7 7 7 10 9 11 15 19 10 10 11 7 6 7 8 4 6 9 63 ~179        0     0      2.09 sec  T/O =  0  PRV =  7
48 : ... 10 5 6 7 7 7 10 9 11 15 19 10 10 11 7 6 7 8 4 6 9 8 55 ~179      0     0      2.25 sec  T/O =  0  PRV =  7
49 : ... 5 6 7 7 7 10 9 11 15 19 10 10 11 7 6 7 8 4 6 9 8 7 48 ~179       0     0      2.37 sec  T/O =  0  PRV =  7
50 : ... 6 7 7 7 10 9 11 15 19 10 10 11 7 6 7 8 4 6 9 8 7 10 38 ~179      0     0      2.43 sec  T/O =  0  PRV =  7
51 : ... 7 7 10 9 11 15 19 10 10 11 7 6 7 8 4 6 9 8 7 10 12 26 ~179       0     0      2.48 sec  T/O =  0  PRV =  7
52 : ... 7 10 9 11 15 19 10 10 11 7 6 7 8 4 6 9 8 7 10 12 7 19 ~179       0     0      2.53 sec  T/O =  0  PRV =  7
53 : ... 9 11 15 19 10 10 11 7 6 7 8 4 7 11 15 9 11 15 22 15 24 ~179     28    24      2.84 sec  T/O =  0  PRV =  7
53 : ... 15 19 10 10 11 7 6 7 9 10 25 24 25 14 12 15 22 15 24 ~179       54    25      3.00 sec  T/O =  0  PRV =  7
53 : ... 15 19 10 10 11 7 6 15 27 23 31 26 25 14 12 15 22 15 24 ~179     85    25      3.08 sec  T/O =  0  PRV =  7
53 : ... 20 21 27 20 12 6 15 30 23 31 28 25 14 12 15 22 15 24 ~179      109    25      3.15 sec  T/O =  0  PRV =  7
53 : ... 29 32 42 28 12 6 15 30 23 31 28 25 14 12 15 22 15 25 ~179      125    25      3.20 sec  T/O =  0  PRV =  7
53 : ... 36 40 48 35 17 6 15 30 23 31 28 25 14 12 15 22 15 25 ~179      130    25      3.24 sec  T/O =  0  PRV =  7
53 : ... 53 49 54 36 17 6 15 30 23 31 28 25 14 12 15 22 15 25 ~179      159    25      3.33 sec  T/O =  0  PRV =  7
53 : ... 53 49 54 36 17 6 15 30 23 31 28 25 14 12 15 22 15 25 ~179      185    25      3.39 sec  T/O =  0  PRV =  7
53 : ... 53 49 54 36 17 6 15 30 23 31 28 25 14 12 15 22 15 25 ~179      209    26      3.44 sec  T/O =  0  PRV =  7
53 : ... 53 49 54 36 17 6 15 30 23 31 28 25 14 12 15 22 15 28 ~179      238    29      3.51 sec  T/O =  0  PRV =  7
53 : ... 53 49 54 36 17 6 15 30 23 31 28 25 14 12 15 22 15 31 ~179      203    30      3.56 sec  T/O =  0  PRV =  7
53 : ... 53 49 57 38 17 6 15 30 23 31 28 25 14 12 15 22 15 35 ~179      171    33      3.58 sec  T/O =  0  PRV =  7
53 : ... 53 50 59 41 23 13 19 37 27 36 29 25 14 12 15 22 15 40 ~179     129    37      3.61 sec  T/O =  0  PRV =  7
53 : ... 53 50 59 41 23 13 19 37 27 37 35 33 19 23 22 22 15 42 ~179      76    40      3.65 sec  T/O =  0  PRV =  7
53 : ... 53 50 59 41 23 13 19 37 27 37 35 33 19 24 24 31 23 55 ~179      26    42      3.74 sec  T/O =  0  PRV =  7
54 : ... 9 7 8 10 12 12 14 10 8 9 5 5 3 8 8 11 6 7 4 6 5 11 25 ~184       1    42      3.79 sec  T/O =  0  PRV =  7
55 : ... 7 8 10 12 11 14 10 8 8 5 5 3 8 8 11 5 6 4 6 5 11 14 15 ~184      2    42      3.87 sec  T/O =  0  PRV =  7
56 : ... 8 10 12 11 14 10 8 8 5 5 3 8 8 11 5 6 4 6 5 11 12 5 13 ~184      3    44      4.00 sec  T/O =  0  PRV =  7
57 : ... 12 11 14 10 8 8 5 5 3 8 8 11 5 6 4 8 10 18 17 18 18 16 ~184     30    44      4.13 sec  T/O =  0  PRV =  7
57 : ... 14 10 8 8 5 5 3 8 8 11 11 11 14 19 17 22 19 18 18 16 ~184       61    44      4.24 sec  T/O =  0  PRV =  7
57 : ... 14 10 8 8 6 7 8 12 19 23 20 16 17 19 17 22 19 18 18 16 ~184     93    44      4.32 sec  T/O =  0  PRV =  7
57 : ... 10 8 8 10 18 27 26 22 23 20 16 17 19 17 22 19 18 18 16 ~184    116    44      4.42 sec  T/O =  0  PRV =  7
57 : ... 10 8 9 21 31 39 36 24 23 20 16 17 19 17 22 19 18 18 16 ~184    133    44      4.49 sec  T/O =  0  PRV =  7
57 : ... 9 17 34 40 42 40 26 23 20 16 17 19 17 22 19 18 18 16 ~184      151    44      4.55 sec  T/O =  0  PRV =  7
57 : ... 15 17 34 40 42 40 26 23 20 16 17 19 17 22 19 18 18 19 ~184     180    44      4.63 sec  T/O =  0  PRV =  7
57 : ... 15 17 35 43 47 44 28 23 20 16 17 19 17 22 19 18 18 24 ~184     165    44      4.67 sec  T/O =  0  PRV =  7
57 : ... 15 17 36 44 50 52 37 27 21 16 17 19 17 22 19 18 18 25 ~184     129    44      4.71 sec  T/O =  0  PRV =  7
57 : ... 15 17 36 44 50 52 37 32 32 30 26 19 17 22 19 18 18 27 ~184      93    44      4.83 sec  T/O =  0  PRV =  7
57 : ... 15 17 36 44 50 52 37 37 39 38 34 25 18 22 19 18 18 28 ~184      86    44      4.96 sec  T/O =  0  PRV =  7
57 : ... 15 17 36 44 50 52 37 37 39 38 34 27 21 27 23 25 23 40 ~184      57    44      5.07 sec  T/O =  0  PRV =  7
57 : ... 15 17 36 44 50 52 37 37 39 38 34 27 21 27 23 25 23 43 ~184       0    44      5.07 sec  T/O =  0  PRV =  7
58 : ... 7 8 14 9 10 7 9 10 9 9 6 12 8 9 11 12 13 11 10 15 8 13 ~208      0    44      5.38 sec  T/O =  0  PRV =  7
59 : ... 8 14 9 10 7 9 10 9 9 6 12 8 9 11 12 13 11 10 15 8 9 4 ~208       0    44      5.43 sec  T/O =  0  PRV =  7
60 : ... 9 10 9 9 6 12 8 9 11 15 18 20 21 28 12 9 7 -2 ~208      37    44      5.53 sec  T/O =  0  PRV =  7
60 : ... 9 10 9 9 6 12 8 9 12 20 29 27 25 28 12 9 7 -2 ~208      50    44      5.58 sec  T/O =  0  PRV =  7
60 : ... 9 10 9 9 6 12 8 9 12 20 29 27 25 28 12 9 7 -2 ~208      50    44      5.59 sec  T/O =  0  PRV =  7
60 : ... 9 10 9 9 6 12 8 9 12 20 29 27 25 28 12 9 7 -2 ~208      50    44      5.59 sec  T/O =  0  PRV =  7
60 : ... 9 10 9 9 6 12 8 9 12 20 29 27 25 28 12 9 7 -2 ~208      50    44      5.60 sec  T/O =  0  PRV =  7
60 : ... 9 10 9 9 6 12 8 9 12 20 32 37 37 34 12 9 7 -2 ~208      52    44      5.64 sec  T/O =  0  PRV =  7
60 : ... 9 10 9 9 6 12 8 10 15 32 48 47 41 36 12 9 7 -2 ~208     74    44      5.70 sec  T/O =  0  PRV =  7
60 : ... 9 10 9 9 6 12 8 13 27 53 61 52 41 36 12 9 7 -2 ~208     95    44      5.74 sec  T/O =  0  PRV =  7
60 : ... 9 11 15 28 20 21 30 55 61 52 41 36 12 9 7 -2 ~208      128    44      5.81 sec  T/O =  0  PRV =  7
60 : ... 18 14 20 30 22 21 30 55 61 52 41 36 12 9 7 -2 ~208     158    44      5.88 sec  T/O =  0  PRV =  7
60 : ... 11 12 18 18 14 20 30 22 21 30 55 61 52 41 36 12 9 7 4 ~208     188    44      5.91 sec  T/O =  0  PRV =  7
60 : ... 13 12 19 18 14 20 30 23 23 32 55 61 52 41 36 12 9 7 8 ~208     152    44      5.93 sec  T/O =  0  PRV =  7
60 : ... 13 12 19 18 14 20 31 25 32 43 62 68 52 41 36 12 9 7 9 ~208     110    44      6.01 sec  T/O =  0  PRV =  7
60 : ... 13 12 19 18 14 22 33 30 39 52 71 76 53 41 36 12 9 7 10 ~208    108    44      6.11 sec  T/O =  0  PRV =  7
60 : ... 13 12 19 18 14 22 33 30 39 52 74 78 60 45 42 14 9 7 13 ~208     96    44      6.13 sec  T/O =  0  PRV =  7
60 : ... 12 19 18 14 22 33 30 39 52 74 79 62 47 46 19 20 13 25 ~208      50    44      6.16 sec  T/O =  0  PRV =  7
61 : ... 8 8 9 10 10 10 7 16 10 14 19 18 27 15 18 13 4 6 13 6 ~220        0    44      6.22 sec  T/O =  0  PRV =  7
62 : ... 9 10 7 16 9 13 16 17 23 15 17 11 4 6 13 12 -2 ~220       2    44      6.28 sec  T/O =  0  PRV =  7
63 : ... 7 16 9 12 16 17 22 15 17 11 6 15 22 25 26 -3 ~215       28    45      6.36 sec  T/O =  0  PRV =  7
63 : ... 7 16 9 12 16 18 29 17 19 17 18 26 30 29 26 -3 ~215      65    45      6.41 sec  T/O =  0  PRV =  7
63 : ... 7 16 10 15 21 26 39 26 25 20 18 26 30 29 26 -3 ~215     81    45      6.45 sec  T/O =  0  PRV =  7
63 : ... 7 18 19 28 30 32 42 30 28 23 18 26 30 29 26 -3 ~215     93    45      6.55 sec  T/O =  0  PRV =  7
63 : ... 10 9 10 7 22 26 40 41 37 44 30 28 23 18 26 30 29 26 0 ~215     106    45      6.60 sec  T/O =  0  PRV =  7
63 : ... 10 9 10 7 22 28 41 41 37 46 34 31 27 19 28 31 30 26 4 ~215      96    45      6.64 sec  T/O =  0  PRV =  7
63 : ... 10 9 10 7 22 28 41 41 37 46 34 34 30 21 28 35 34 28 13 ~215     40    45      6.68 sec  T/O =  0  PRV =  7
63 : ... 10 9 10 7 22 28 41 41 37 46 34 34 30 21 28 35 37 31 14 ~215     12    45      6.70 sec  T/O =  0  PRV =  7
Timing out on output 3 in frame 63 (retrying in next anytime pass).
63 : ... 10 9 10 7 22 28 41 41 37 46 34 34 30 21 28 35 37 31 14 ~215      0    45      6.70 sec  T/O =  1  PRV =  7
64 : ... 9 10 9 10 7 12 8 6 14 8 6 11 9 12 10 13 15 13 21 12 0 ~230       0    45      6.83 sec  T/O =  1  PRV =  7
All outputs solved or timed out in frame 64.
Starting new anytime pass, reusing clauses.
Frame Clauses                                                     Max Queue Flops Time
1 : 0 458 ~240                                                           0     0      1.17 sec  T/O =  0  PRV =  7
2 : 0 6 452 ~240                                                         0     0      1.18 sec  T/O =  0  PRV =  7
3 : 0 6 13 439 ~240                                                      0     0      1.18 sec  T/O =  0  PRV =  7
4 : 0 6 13 7 432 ~240                                                    0     0      1.18 sec  T/O =  0  PRV =  7
5 : 0 6 13 7 5 427 ~240                                                  0     0      1.19 sec  T/O =  0  PRV =  7
6 : 0 6 13 7 5 3 424 ~240                                                0     0      1.19 sec  T/O =  0  PRV =  7
7 : 0 6 13 7 5 3 8 416 ~240                                              0     0      1.20 sec  T/O =  0  PRV =  7
8 : 0 6 13 7 5 3 8 4 412 ~240                                            0     0      1.20 sec  T/O =  0  PRV =  7
9 : 0 6 13 7 5 3 8 4 4 408 ~240                                          0     0      1.21 sec  T/O =  0  PRV =  7
10 : 0 6 13 7 5 3 8 4 4 3 405 ~240                                        0     0      1.27 sec  T/O =  0  PRV =  7
11 : 0 6 13 7 5 3 8 4 4 3 4 401 ~240                                      0     0      1.31 sec  T/O =  0  PRV =  7
12 : 0 6 13 7 5 3 8 4 4 3 4 5 396 ~240                                    0     0      1.58 sec  T/O =  0  PRV =  7
13 : 0 6 13 7 5 3 8 4 4 3 4 5 5 391 ~240                                  0     0      1.72 sec  T/O =  0  PRV =  7
14 : 0 6 13 7 5 3 8 4 4 3 4 5 5 5 386 ~240                                0     0      1.81 sec  T/O =  0  PRV =  7
15 : 0 6 13 7 5 3 8 4 4 3 4 5 5 5 4 382 ~240                              0     0      1.83 sec  T/O =  0  PRV =  7
16 : 0 6 13 7 5 3 8 4 4 3 4 5 5 5 4 3 379 ~240                            0     0      1.99 sec  T/O =  0  PRV =  7
17 : 0 6 13 7 5 3 8 4 4 3 4 5 5 5 4 3 2 377 ~240                          0     0      2.11 sec  T/O =  0  PRV =  7
18 : 0 6 13 7 5 3 8 4 4 3 4 5 5 5 4 3 2 1 376 ~240                        0     0      2.13 sec  T/O =  0  PRV =  7
19 : 0 6 13 7 5 3 8 4 4 3 4 5 5 5 4 3 2 1 8 368 ~240                      0     0      2.21 sec  T/O =  0  PRV =  7
20 : 0 6 13 7 5 3 8 4 4 3 4 5 5 5 4 3 2 1 8 8 360 ~240                    0     0      2.28 sec  T/O =  0  PRV =  7
21 : 0 6 13 7 5 3 8 4 4 3 4 5 5 5 4 3 2 1 8 8 7 353 ~240                  0     0      2.39 sec  T/O =  0  PRV =  7
22 : 0 6 13 7 5 3 8 4 4 3 4 5 5 5 4 3 2 1 8 8 7 5 348 ~240                0     0      2.40 sec  T/O =  0  PRV =  7
23 : 0 6 13 7 5 3 8 4 4 3 4 5 5 5 4 3 2 1 8 8 7 5 8 340 ~240              0     0      2.42 sec  T/O =  0  PRV =  7
24 : 0 6 13 7 5 3 8 4 4 3 4 5 5 5 4 3 2 1 8 8 7 5 8 8 332 ~240            0     0      2.57 sec  T/O =  0  PRV =  7
25 : 0 6 13 7 5 3 8 4 4 3 4 5 5 5 4 3 2 1 8 8 7 5 8 8 9 323 ~240          0     0      2.59 sec  T/O =  0  PRV =  7
26 : ... 13 7 5 3 8 4 4 3 4 5 5 5 4 3 2 1 8 8 7 5 8 8 9 11 312 ~240       0     0      2.61 sec  T/O =  0  PRV =  7
27 : ... 7 5 3 8 4 4 3 4 5 5 5 4 3 2 1 8 8 7 5 8 8 9 11 12 300 ~240       0     0      2.67 sec  T/O =  0  PRV =  7
28 : ... 5 3 8 4 4 3 4 5 5 5 4 3 2 1 8 8 7 5 8 8 9 11 12 9 291 ~240       0     0      2.70 sec  T/O =  0  PRV =  7
29 : ... 3 8 4 4 3 4 5 5 5 4 3 2 1 8 8 7 5 8 8 9 11 12 9 8 283 ~240       0     0      2.80 sec  T/O =  0  PRV =  7
30 : ... 8 4 4 3 4 5 5 5 4 3 2 1 8 8 7 5 8 8 9 11 12 9 8 9 274 ~240       0     0      3.00 sec  T/O =  0  PRV =  7
31 : ... 4 4 3 4 5 5 5 4 3 2 1 8 8 7 5 8 8 9 11 12 9 8 9 6 268 ~240       0     0      3.29 sec  T/O =  0  PRV =  7
32 : ... 4 3 4 5 5 5 4 3 2 1 8 8 7 5 8 8 9 11 12 9 8 9 6 9 259 ~240       0     0      3.47 sec  T/O =  0  PRV =  7
33 : ... 3 4 5 5 5 4 3 2 1 8 8 7 5 8 8 9 11 12 9 8 9 6 9 7 252 ~240       0     0      3.54 sec  T/O =  0  PRV =  7
34 : ... 4 5 5 5 4 3 2 1 8 8 7 5 8 8 9 11 12 9 8 9 6 9 7 9 243 ~240       0     0      3.62 sec  T/O =  0  PRV =  7
35 : ... 5 5 5 4 3 2 1 8 8 7 5 8 8 9 11 12 9 8 9 6 9 7 9 7 236 ~240       0     0      3.67 sec  T/O =  0  PRV =  7
36 : ... 5 5 4 3 2 1 8 8 7 5 8 8 9 11 12 9 8 9 6 9 7 9 7 8 228 ~240       0     0      3.71 sec  T/O =  0  PRV =  7
37 : ... 5 4 3 2 1 8 8 7 5 8 8 9 11 12 9 8 9 6 9 7 9 7 8 7 221 ~240       0     0      3.75 sec  T/O =  0  PRV =  7
38 : ... 4 3 2 1 8 8 7 5 8 8 9 11 12 9 8 9 6 9 7 9 7 8 7 5 216 ~240       0     0      3.76 sec  T/O =  0  PRV =  7
39 : ... 3 2 1 8 8 7 5 8 8 9 11 12 9 8 9 6 9 7 9 7 8 7 5 7 209 ~240       0     0      3.79 sec  T/O =  0  PRV =  7
40 : ... 2 1 8 8 7 5 8 8 9 11 12 9 8 9 6 9 7 9 7 8 7 5 7 9 200 ~240       0     0      3.85 sec  T/O =  0  PRV =  7
41 : ... 1 8 8 7 5 8 8 9 11 12 9 8 9 6 9 7 9 7 8 7 5 7 9 11 189 ~240      0     0      3.88 sec  T/O =  0  PRV =  7
42 : ... 8 7 5 8 8 9 11 12 9 8 9 6 9 7 9 7 8 7 5 7 9 11 11 178 ~240       0     0      4.01 sec  T/O =  0  PRV =  7
43 : ... 7 5 8 8 9 11 12 9 8 9 6 9 7 9 7 8 7 5 7 9 11 11 8 170 ~240       0     0      4.11 sec  T/O =  0  PRV =  7
44 : ... 5 8 8 9 11 12 9 8 9 6 9 7 9 7 8 7 5 7 9 11 11 8 7 163 ~240       0     0      4.24 sec  T/O =  0  PRV =  7
45 : ... 8 8 9 11 12 9 8 9 6 9 7 9 7 8 7 5 7 9 11 11 8 7 8 155 ~240       0     0      4.31 sec  T/O =  0  PRV =  7
46 : ... 8 9 11 12 9 8 9 6 9 7 9 7 8 7 5 7 9 11 11 8 7 8 10 145 ~240      0     0      4.35 sec  T/O =  0  PRV =  7
47 : ... 9 11 12 9 8 9 6 9 7 9 7 8 7 5 7 9 11 11 8 7 8 10 7 138 ~240      0     0      4.38 sec  T/O =  0  PRV =  7
48 : ... 12 9 8 9 6 9 7 9 7 8 7 5 7 9 11 11 8 7 8 10 7 10 128 ~240        0     0      4.41 sec  T/O =  0  PRV =  7
49 : ... 12 9 8 9 6 9 7 9 7 8 7 5 7 9 11 11 8 7 8 10 7 10 6 122 ~240      0     0      4.44 sec  T/O =  0  PRV =  7
50 : ... 9 8 9 6 9 7 9 7 8 7 5 7 9 11 11 8 7 8 10 7 10 6 10 110 ~240      0     0      4.47 sec  T/O =  0  PRV =  7
51 : ... 8 9 6 9 7 9 7 8 7 5 7 9 11 11 8 7 8 10 7 10 6 10 4 105 ~240      0     0      4.50 sec  T/O =  0  PRV =  7
52 : ... 9 6 9 7 9 7 8 7 5 7 9 11 11 8 7 8 10 7 10 6 10 4 4 99 ~240       0     0      4.55 sec  T/O =  0  PRV =  7
53 : ... 6 9 7 9 7 8 7 5 7 9 11 11 8 7 8 10 7 10 6 10 4 4 9 88 ~240       0     0      4.58 sec  T/O =  0  PRV =  7
54 : ... 9 7 9 7 8 7 5 7 9 11 11 8 7 8 10 7 10 6 10 4 4 9 8 80 ~240       0     0      4.70 sec  T/O =  0  PRV =  7
55 : ... 7 9 7 8 7 5 7 9 11 11 8 7 8 10 7 10 6 10 4 4 9 8 4 76 ~240       0     0      4.76 sec  T/O =  0  PRV =  7
56 : ... 9 7 8 7 5 7 9 11 11 8 7 8 10 7 10 6 10 4 4 9 8 4 10 66 ~240      0     0      4.81 sec  T/O =  0  PRV =  7
57 : ... 7 8 7 5 7 9 11 11 8 7 8 10 7 10 6 10 4 4 9 8 4 10 7 59 ~240      0     0      4.85 sec  T/O =  0  PRV =  7
58 : ... 7 5 7 9 11 11 8 7 8 10 7 10 6 10 4 4 9 8 4 10 7 11 48 ~240       0     0      4.94 sec  T/O =  0  PRV =  7
59 : ... 5 7 9 11 11 8 7 8 10 7 10 6 10 4 4 9 8 4 10 7 11 10 38 ~240      0     0      4.98 sec  T/O =  0  PRV =  7
60 : ... 9 11 11 8 7 8 10 7 10 6 10 4 4 9 8 4 10 7 11 10 12 26 ~240       0     0      5.04 sec  T/O =  0  PRV =  7
61 : ... 11 11 8 7 8 10 7 10 6 10 4 4 9 8 4 10 7 11 10 12 11 15 ~240      0     0      5.10 sec  T/O =  0  PRV =  7
62 : ... 11 8 7 8 10 7 10 6 10 4 4 9 8 4 10 7 11 10 12 11 12 3 ~240       0     0      5.17 sec  T/O =  0  PRV =  7
63 : ... 7 10 6 10 4 4 9 8 4 10 7 11 10 12 11 12 18 -14 ~240       1     3      5.26 sec  T/O =  0  PRV =  7
64 : ... 10 6 10 4 4 9 8 4 10 7 11 10 12 11 12 19 13 -18 ~230      5    20      5.38 sec  T/O =  0  PRV =  7
65 : ... 6 10 4 4 9 8 4 10 7 11 10 12 11 12 19 10 10 -23 ~230      4    22      5.50 sec  T/O =  0  PRV =  7
66 : ... 6 10 4 4 9 8 4 10 7 11 10 12 11 12 19 9 5 3 -26 ~230      0    22      5.60 sec  T/O =  0  PRV =  7
67 : ... 4 4 9 8 4 10 7 11 10 12 11 16 29 19 10 7 5 -22 ~230      23    30      5.80 sec  T/O =  0  PRV =  7
67 : ... 4 4 9 8 4 10 7 11 11 16 18 20 34 34 20 8 5 -21 ~230      42    30      5.97 sec  T/O =  0  PRV =  7
67 : ... 4 4 9 8 4 10 7 11 14 25 32 28 44 36 20 8 5 -21 ~230      51    32      6.10 sec  T/O =  0  PRV =  7
67 : ... 4 4 9 8 4 10 7 13 22 36 45 38 47 37 21 8 5 -21 ~230      69    32      6.19 sec  T/O =  0  PRV =  7
67 : ... 4 12 16 13 13 9 23 32 40 45 38 47 37 21 8 5 -21 ~230    103    32      6.25 sec  T/O =  0  PRV =  7
67 : ... 16 20 17 13 9 23 32 40 45 38 47 37 21 8 5 -21 ~230      146    32      6.34 sec  T/O =  0  PRV =  7
67 : ... 16 20 17 13 9 23 32 40 45 38 47 37 21 8 5 -21 ~230      185    32      6.42 sec  T/O =  0  PRV =  7
67 : ... 16 20 17 13 9 23 32 40 45 38 47 37 21 8 5 -21 ~230      214    32      6.51 sec  T/O =  0  PRV =  7
67 : ... 16 20 17 13 9 23 32 40 45 38 47 37 21 8 5 -17 ~230      239    35      6.57 sec  T/O =  0  PRV =  7
67 : ... 16 20 17 13 9 23 32 40 45 38 47 37 21 8 5 -12 ~230      180    37      6.59 sec  T/O =  0  PRV =  7
67 : ... 16 22 17 15 9 23 33 40 45 38 47 37 21 8 5 -6 ~230      141    40      6.61 sec  T/O =  0  PRV =  7
67 : ... 17 23 20 16 9 24 34 44 50 40 47 37 21 8 5 -5 ~230      114    42      6.64 sec  T/O =  0  PRV =  7
67 : ... 14 10 9 11 17 23 20 16 9 24 36 45 53 46 53 43 29 9 5 -1 ~230      74    44      6.70 sec  T/O =  0  PRV =  7
67 : ... 10 9 11 17 23 20 16 9 24 36 45 53 46 53 45 38 16 10 11 ~230     34    45      6.77 sec  T/O =  0  PRV =  7
68 : ... 5 6 8 7 7 9 11 11 7 8 12 12 10 16 14 8 6 5 -34 ~256       0    45      6.92 sec  T/O =  0  PRV =  7
69 : ... 6 8 7 7 9 11 11 7 8 12 12 10 16 12 8 6 5 7 -41 ~256       0    45      7.01 sec  T/O =  0  PRV =  7
70 : ... 8 7 7 9 11 11 7 8 12 12 10 16 12 8 6 5 7 5 -45 ~256       1    45      7.08 sec  T/O =  0  PRV =  7
71 : ... 9 11 11 7 8 12 12 10 16 12 8 7 12 24 22 12 -43 ~237      32    45      7.25 sec  T/O =  0  PRV =  7
71 : ... 9 11 11 7 8 12 12 10 19 15 13 8 12 25 26 21 -33 ~237     41    45      7.28 sec  T/O =  0  PRV =  7
71 : ... 9 11 11 7 8 12 12 10 19 15 13 8 12 25 26 21 -31 ~237     16    45      7.28 sec  T/O =  0  PRV =  7
72 : ... 9 11 11 7 8 12 12 10 14 9 11 8 7 10 8 13 19 -41 ~239      4    45      7.36 sec  T/O =  0  PRV =  7
73 : ... 11 11 7 8 12 12 10 14 9 10 8 7 10 8 11 15 4 -45 ~238      0    45      7.50 sec  T/O =  0  PRV =  7
74 : ... 7 8 12 12 10 14 11 16 19 15 15 11 17 21 5 4 -44 ~238     39    45      7.94 sec  T/O =  0  PRV =  7
74 : ... 7 8 12 12 10 14 16 27 33 25 21 13 17 21 5 4 -44 ~238     55    45      8.11 sec  T/O =  0  PRV =  7
74 : ... 7 8 12 12 11 26 41 39 39 26 21 13 17 21 5 4 -44 ~238     84    45      8.23 sec  T/O =  0  PRV =  7
74 : ... 11 18 16 12 30 45 39 40 26 21 13 17 21 5 4 -44 ~238     118    45      8.35 sec  T/O =  0  PRV =  7
74 : ... 11 20 19 13 30 45 39 40 26 21 13 17 21 5 4 -39 ~238     123    45      8.39 sec  T/O =  0  PRV =  7
74 : ... 11 20 19 15 30 45 41 44 29 23 13 18 21 5 4 -36 ~238     101    45      8.42 sec  T/O =  0  PRV =  7
74 : ... 11 20 19 15 30 50 43 45 30 24 15 21 21 6 4 -29 ~238      56    45      8.44 sec  T/O =  0  PRV =  7
74 : ... 20 19 15 30 52 46 50 34 27 17 24 27 19 10 -24 ~238       33    45      8.59 sec  T/O =  0  PRV =  7
74 : ... 20 19 15 34 55 48 52 41 37 31 30 27 19 10 -24 ~238       41    45      8.70 sec  T/O =  0  PRV =  7
74 : ... 20 19 18 40 60 55 64 52 45 36 31 27 19 10 -24 ~238       73    45      8.86 sec  T/O =  0  PRV =  7
74 : ... 25 27 34 48 62 56 64 52 45 36 31 27 19 10 -23 ~238      110    45      8.98 sec  T/O =  0  PRV =  7
74 : ... 26 27 34 48 65 59 64 52 45 36 31 27 19 10 -18 ~238      122    45      9.04 sec  T/O =  0  PRV =  7
74 : ... 26 27 34 49 65 61 66 53 48 38 35 32 20 10 -13 ~238       78    45      9.12 sec  T/O =  0  PRV =  7
74 : ... 26 27 34 49 65 61 66 53 48 38 35 33 23 11 -7 ~238       25    45      9.14 sec  T/O =  0  PRV =  7
75 : ... 7 8 8 10 5 5 9 8 8 13 12 8 5 10 4 12 6 5 3 -71 ~269       0    45      9.36 sec  T/O =  0  PRV =  7
76 : ... 7 8 8 10 5 5 9 8 8 13 11 8 5 9 4 11 5 5 3 2 -73 ~269      0    45      9.42 sec  T/O =  0  PRV =  7
77 : ... 8 8 10 5 5 9 8 8 13 11 8 5 9 4 10 5 5 3 2 3 -75 ~269      1    45      9.47 sec  T/O =  0  PRV =  7
78 : ... 8 10 5 5 9 8 8 13 11 8 5 9 4 10 5 5 3 2 3 2 -85 ~245      1    45      9.64 sec  T/O =  0  PRV =  7
79 : ... 5 5 9 8 8 13 11 8 5 9 4 10 5 5 3 2 3 3 18 -69 ~232        3    48     10.14 sec  T/O =  0  PRV =  7
80 : ... 5 9 8 8 13 11 8 5 9 4 10 5 5 3 2 3 2 16 33 -24 ~233       4    64     10.67 sec  T/O =  0  PRV =  7
81 : ... 5 9 8 8 13 11 8 5 9 4 10 5 5 3 2 3 2 2 1 0 -28 ~238       0    64     10.92 sec  T/O =  0  PRV =  7
Proved output 3 in frame 1481550892 (converged).
Block =  441  Oblig = 15160  Clause =  6194  Call =157909 (sat=78.9%)  Cex =   0  Start = 350
SAT solving =    22.71 sec ( 66.33 %)
unsat     =     1.17 sec (  3.41 %)
sat       =    21.55 sec ( 62.92 %)
Generalize  =     8.18 sec ( 23.90 %)
Push clause =    15.69 sec ( 45.82 %)
Ternary sim =     0.61 sec (  1.77 %)
Containment =     0.13 sec (  0.39 %)
CNF compute =     0.91 sec (  2.67 %)
Refinement  =     0.00 sec (  0.00 %)
TOTAL       =    34.24 sec (100.00 %)
Property proved.  Time =    34.32 sec
Counter-example is not available.
